
size = [3,9,16,32,64,128,256,512,1024,1500,2048,4096]

speedup = [0.16276,1.34076,4.29869,11.9077,42.9655,172.901,493.128,675.696,820.357,1059.47,884.57,898.322]

tiempo_par = [1.9456e-05,2.064e-05,2.6144e-05,3.2224e-05,3.3056e-05,3.6864e-05,5.9744e-05,0.000155424,0.00052176, 0.000828544,0.00192496,0.00758064]

tiempo_ser = [3e-06,2.5e-05,8.8e-05,0.000384,0.001624,0.006686,0.0263,0.105897,0.424991,0.877336,1.69868,6.79961]